11 
7205298 6158463 6553748 1021508 3012605 2369627 6678250 7205298 6158463 6553748 1021508 3012605 2369627 6678250 7205298 6158463 6553748 1021508 3012605 2369627 6678250 7205298 6158463 6553748 1021508 3012605 2369627 6678250 7205298 6158463 
12 
4018640 3050108 4032645 666234 2090583 1243823 3148466 4018640 3050108 4032645 666234 2090583 1243823 3148466 4018640 3050108 4032645 666234 2090583 1243823 3148466 4018640 3050108 4032645 666234 2090583 1243823 3148466 4018640 3050108 
13 
4023364 3050693 4026605 665525 2099676 1249645 3151909 4023364 3050693 4026605 665525 2099676 1249645 3151909 4023364 3050693 4026605 665525 2099676 1249645 3151909 4023364 3050693 4026605 665525 2099676 1249645 3151909 4023364 3050693 
14 
3982649 3033763 3985644 659128 2065956 1247268 3145211 3982649 3033763 3985644 659128 2065956 1247268 3145211 3982649 3033763 3985644 659128 2065956 1247268 3145211 3982649 3033763 3985644 659128 2065956 1247268 3145211 3982649 3033763 
16 
1410296 1565539 1080058 501906 1695145 658329 1196922 1410296 1565539 1080058 501906 1695145 658329 1196922 1410296 1565539 1080058 501906 1695145 658329 1196922 1410296 1565539 1080058 501906 1695145 658329 1196922 1410296 1565539 
17 
1111895 1266428 808031 323710 1402701 452397 920731 1111895 1266428 808031 323710 1402701 452397 920731 1111895 1266428 808031 323710 1402701 452397 920731 1111895 1266428 808031 323710 1402701 452397 920731 1111895 1266428 
18 
1114653 1273633 806709 323662 1408623 454854 923417 1114653 1273633 806709 323662 1408623 454854 923417 1114653 1273633 806709 323662 1408623 454854 923417 1114653 1273633 806709 323662 1408623 454854 923417 1114653 1273633 
19 
1090811 1237110 794926 335698 1327431 457352 897422 1090811 1237110 794926 335698 1327431 457352 897422 1090811 1237110 794926 335698 1327431 457352 897422 1090811 1237110 794926 335698 1327431 457352 897422 1090811 1237110 
6 
1675990 1549200 1559255 1482472 1606239 1489148 1942609 1675990 1549200 1559255 1482472 1606239 1489148 1942609 1675990 1549200 1559255 1482472 1606239 1489148 1942609 1675990 1549200 1559255 1482472 1606239 1489148 1942609 1675990 1549200 
7 
806250 690386 693105 639204 754202 648085 1026675 806250 690386 693105 639204 754202 648085 1026675 806250 690386 693105 639204 754202 648085 1026675 806250 690386 693105 639204 754202 648085 1026675 806250 690386 
8 
807012 690899 693608 639744 757374 648738 1027209 807012 690899 693608 639744 757374 648738 1027209 807012 690899 693608 639744 757374 648738 1027209 807012 690899 693608 639744 757374 648738 1027209 807012 690899 
9 
807074 689739 693989 639562 756691 648594 1026575 807074 689739 693989 639562 756691 648594 1026575 807074 689739 693989 639562 756691 648594 1026575 807074 689739 693989 639562 756691 648594 1026575 807074 689739 
