1006	500	20130615
1007	486	20130615
1008	500	20130615
1009	480	20130615
1011	1548	20130615
1012	1487	20130615
1013	1473	20130615
1014	1477	20130615
1016	441	20130615
1017	444	20130615
1018	404	20130615
1019	428	20130615
106	2877	20130615
107	2891	20130615
108	2881	20130615
109	2682	20130615
11	819309	20130615
1106	16	20130615
1107	13	20130615
1108	18	20130615
1109	14	20130615
111	53741	20130615
1111	3	20130615
1112	3	20130615
1113	4	20130615
1114	5	20130615
112	53775	20130615
113	53691	20130615
114	51063	20130615
116	127653	20130615
117	127501	20130615
118	126848	20130615
119	122886	20130615
12	821095	20130615
1206	5	20130615
1207	7	20130615
1208	5	20130615
1209	11	20130615
1211	10	20130615
1212	28	20130615
1213	13	20130615
1214	19	20130615
1216	33	20130615
1217	23	20130615
1218	34	20130615
1219	37	20130615
13	824526	20130615
1306	43637	20130615
1307	2945	20130615
1308	2886	20130615
1309	2968	20130615
1311	167974	20130615
1312	69949	20130615
1313	70012	20130615
1314	70276	20130615
1316	31943	20130615
1317	1313	20130615
1318	1275	20130615
1319	1258	20130615
14	822553	20130615
16	188071	20130615
17	187617	20130615
18	187978	20130615
19	189128	20130615
206	2177	20130615
207	2142	20130615
208	2016	20130615
209	2104	20130615
211	9617	20130615
212	8378	20130615
213	8447	20130615
214	8472	20130615
216	1365	20130615
217	1129	20130615
218	1113	20130615
219	1112	20130615
306	1414	20130615
307	1334	20130615
308	1340	20130615
309	1348	20130615
311	10511	20130615
312	4862	20130615
313	4940	20130615
314	4784	20130615
316	1747	20130615
317	651	20130615
318	639	20130615
319	633	20130615
406	2	20130615
407	1	20130615
409	2	20130615
411	5	20130615
412	2	20130615
413	2	20130615
414	2	20130615
419	1	20130615
506	1	20130615
508	1	20130615
509	3	20130615
511	7	20130615
512	8	20130615
513	8	20130615
514	8	20130615
516	1	20130615
517	1	20130615
519	1	20130615
6	174258	20130615
606	19	20130615
607	30	20130615
608	27	20130615
609	22	20130615
611	49	20130615
612	50	20130615
613	65	20130615
614	53	20130615
616	10	20130615
617	4	20130615
618	6	20130615
619	11	20130615
7	173352	20130615
706	11	20130615
707	8	20130615
708	10	20130615
709	8	20130615
712	1	20130615
713	3	20130615
714	2	20130615
717	1	20130615
8	175310	20130615
806	1081	20130615
807	1110	20130615
808	1163	20130615
809	1169	20130615
811	30	20130615
812	18	20130615
813	30	20130615
814	22	20130615
9	174399	20130615
906	8293	20130615
907	8382	20130615
908	8423	20130615
909	8335	20130615
911	7479	20130615
912	7530	20130615
913	7315	20130615
914	7424	20130615
916	3488	20130615
917	3306	20130615
918	3422	20130615
919	3481	20130615
